%%%%%%%%%%%%%%%%%%%%%%%%%%%%%%%%%%%%%%%%%%%%%%%%%%%%%%%%%%%%%%%%%%%%%%%%%%%%%%%%%%%%%%%%%%%%%%%%%%%%

f1=[0.7273    0.8421    0.7742    0.7442    0.7692    0.6667    0.6301    0.5647    0.6136    0.4675
    1.0000    1.0000    0.9866    0.9760    0.9265    0.9010    0.8419    0.7575    0.6453    0.5388
    1.0000    1.0000    0.8276    1.0000    0.9091    0.7742    0.6567    0.7356    0.6813    0.6506
    1.0000    1.0000    1.0000    1.0000    0.9988    0.9959    0.9745    0.8980    0.6890    0.5411
    1.0000    1.0000    1.0000    1.0000    0.8511    0.7869    0.8235    0.7619    0.7273    0.4731
    1.0000    1.0000    1.0000    1.0000    1.0000    1.0000    1.0000    0.9600    0.8596    0.5259];

%%%%%%%%%%%%%%%%%%%%%%%%%%%%%%%%%%%%%%%%%%%%%%%%%%%%%%%%%%%%%%%%%%%%%%%%%%%%%%%%%%%%%%%%%%%%%%%%%%%%

f2=[1.0000    1.0000    1.0000    1.0000    1.0000    1.0000    1.0000    1.0000    0.8889    1.0000
    0.9605    0.9583    0.8676    0.7188    0.7000    0.6607    0.6538    0.5417    0.5000    0.3500
    1.0000    1.0000    1.0000    1.0000    1.0000    0.9938    0.9893    0.9766    0.9653    0.9675
    1.0000    0.9993    0.9985    0.9867    0.9775    0.9143    0.8769    0.7708    0.6182    0.5087
    1.0000    1.0000    1.0000    1.0000    1.0000    1.0000    1.0000    1.0000    1.0000    1.0000
    1.0000    1.0000    1.0000    0.9219    0.8333    0.7321    0.6731    0.7083    0.5000    0.5000
    1.0000    1.0000    1.0000    1.0000    1.0000    1.0000    0.9982    1.0000    0.9958    0.9875
    1.0000    1.0000    1.0000    1.0000    1.0000    0.9973    0.9952    0.9740    0.8932    0.7787
    1.0000    1.0000    1.0000    1.0000    1.0000    1.0000    1.0000    1.0000    1.0000    1.0000
    1.0000    1.0000    1.0000    1.0000    1.0000    1.0000    0.7308    0.5833    0.5909    0.2750
    1.0000    1.0000    1.0000    1.0000    1.0000    1.0000    1.0000    1.0000    1.0000    0.9950
    1.0000    1.0000    1.0000    1.0000    1.0000    1.0000    0.9990    0.9979    0.9886    0.9138];

%%%%%%%%%%%%%%%%%%%%%%%%%%%%%%%%%%%%%%%%%%%%%%%%%%%%%%%%%%%%%%%%%%%%%%%%%%%%%%%%%%%%%%%%%%%%%%%%%%%%

f3=[1.0000    1.0000    1.0000    1.0000    1.0000    1.0000    1.0000    1.0000    1.0000    1.0000
    1.0000    1.0000    0.8676    0.8594    0.4950    0.5357    0.5577    0.7500    0.6136    0.4250
    1.0000    1.0000    1.0000    1.0000    1.0000    1.0000    1.0000    1.0000    1.0000    1.0000
    0.9974    0.9743    0.9294    0.9164    0.8317    0.8393    0.7981    0.7177    0.6227    0.6125
    1.0000    1.0000    1.0000    1.0000    1.0000    1.0000    1.0000    1.0000    1.0000    1.0000
    1.0000    1.0000    1.0000    0.9219    0.6667    0.7679    0.8077    0.6042    0.3182    0.4000
    1.0000    1.0000    1.0000    1.0000    1.0000    1.0000    1.0000    1.0000    0.9986    0.9988
    0.9993    0.9944    0.9772    0.9820    0.9500    0.9411    0.9106    0.8594    0.7977    0.6675
    1.0000    1.0000    1.0000    1.0000    1.0000    1.0000    1.0000    1.0000    1.0000    1.0000
    1.0000    0.9722    0.7941    0.8750    0.8000    0.6250    0.5577    0.4375    0.3636    0.3500
    1.0000    1.0000    1.0000    1.0000    1.0000    0.9979    1.0000    0.9922    0.9944    0.9800
    1.0000    1.0000    0.9971    0.9914    0.9658    0.9357    0.8837    0.7469    0.6432    0.5425];

%%%%%%%%%%%%%%%%%%%%%%%%%%%%%%%%%%%%%%%%%%%%%%%%%%%%%%%%%%%%%%%%%%%%%%%%%%%%%%%%%%%%%%%%%%%%%%%%%%%%

f4=[1.0000    1.0000    1.0000    1.0000    1.0000    1.0000    1.0000    1.0000    1.0000    1.0000
    1.0000    1.0000    0.9941    0.7188    0.3667    0.7500    0.7308    0.1667    0.1818    0.4000
    1.0000    1.0000    1.0000    1.0000    1.0000    1.0000    1.0000    1.0000    1.0000    1.0000
    0.9895    0.9590    0.8831    0.7836    0.6875    0.6304    0.5365    0.4740    0.3534    0.2988
    1.0000    1.0000    1.0000    1.0000    1.0000    1.0000    1.0000    1.0000    1.0000    1.0000
    1.0000    1.0000    1.0000    0.8438    0.8167    0.7232    0.7019    0.4167    0.2955    0.1500
    1.0000    1.0000    1.0000    1.0000    1.0000    1.0000    1.0000    1.0000    1.0000    1.0000
    0.9993    0.9896    0.9728    0.9391    0.8850    0.8455    0.8067    0.7292    0.6080    0.5750
    1.0000    1.0000    1.0000    1.0000    1.0000    1.0000    1.0000    1.0000    1.0000    1.0000
    1.0000    0.9722    0.8676    0.8281    0.6667    0.7321    0.5962    0.4167    0.3864    0.3000
    1.0000    1.0000    1.0000    1.0000    1.0000    1.0000    1.0000    0.9969    0.9944    0.9975
    1.0000    0.9993    0.9963    0.9883    0.9700    0.9304    0.8712    0.7979    0.6352    0.5088];