x = [320.0000    5.0000         0    2.0000   15.0000   40.0000  320.0000    5.0000         0    2.0000   15.0000   40.0000;
  321.0000    5.1000         0    1.9000   14.8000   40.2000  321.0000    5.1000         0    1.9000   14.8000   40.2000;
  321.0000         0         0    1.9000   14.8000   40.2000  321.0000         0         0    1.9000   14.8000   40.2000;
  322.0000    5.1000         0    2.1000   14.9000   40.1000  322.0000    5.1000         0    2.1000   14.9000   40.1000;
  322.0000    5.1000         0    2.1000   14.9000   40.1000  322.0000    5.1000         0    2.1000   14.9000   40.1000]
